image: map_fused.pgm
resolution: 0.050000
origin: [-109.800001, -68.350000, 0.000000]
negate: 0
occupied_thresh: 0.65
free_thresh: 0.196

